hull(){ translate([-21.2644925749,-952.015392965,-357.308698012])cube(0.1,0.1,0.1);
translate([-32.7465063691,-936.425271275,-385.459581252])cube(0.1,0.1,0.1);
translate([-37.1171366594,-739.162562205,-424.386244737])cube(0.1,0.1,0.1);
translate([-57.7158774373,-985.08356546,-318.56545961])cube(0.1,0.1,0.1);
translate([-86.9727352682,-901.18469657,-97.8469656992])cube(0.1,0.1,0.1);
translate([-356.757712785,-950.343155131,-138.7590256])cube(0.1,0.1,0.1);
translate([-351.660516605,-964.307854507,-156.396942541])cube(0.1,0.1,0.1);
translate([-241.612046058,-934.437555359,-122.989371125])cube(0.1,0.1,0.1);
translate([-360.522744617,-947.093301039,-138.018016523])cube(0.1,0.1,0.1);
translate([-192.090084251,-510.490232386,-332.528932506])cube(0.1,0.1,0.1);
translate([-280.303430079,-543.874230431,-369.450307828])cube(0.1,0.1,0.1);
translate([-146.393154892,-525.326897762,-136.684949539])cube(0.1,0.1,0.1);
translate([-332.798634812,-677.224118316,-453.321956769])cube(0.1,0.1,0.1);
translate([-351.75252794,-780.805481639,-513.841405003])cube(0.1,0.1,0.1);
translate([-321.75862069,-564.195402299,-361.32183908])cube(0.1,0.1,0.1);
translate([-33.6669524218,-710.117873982,-407.811830261])cube(0.1,0.1,0.1);
translate([-89.5913227887,-533.988247769,-323.603870284])cube(0.1,0.1,0.1);
translate([-94.8123543404,-537.520122054,-115.991086231])cube(0.1,0.1,0.1);
translate([-65.3105427975,-643.397703549,-30.7750521921])cube(0.1,0.1,0.1);
translate([-33.9141216393,-745.955364135,-41.2803445576])cube(0.1,0.1,0.1);
translate([-8.48455686921,-930.466959949,-344.648061589])cube(0.1,0.1,0.1);
translate([13.9723405792,-879.359789124,-287.489347873])cube(0.1,0.1,0.1);
translate([-6.08767303889,-807.32036915,-345.90309822])cube(0.1,0.1,0.1);
translate([-24.8368424616,-895.70611333,-390.767382032])cube(0.1,0.1,0.1);
translate([-31.1141678129,-779.064649243,-414.92778542])cube(0.1,0.1,0.1);
translate([-374.566787004,-1014.8652656,-274.200618876])cube(0.1,0.1,0.1);
translate([-260.172381488,-1021.05190182,-332.565111486])cube(0.1,0.1,0.1);
translate([-230.849018782,-941.563032453,-445.798404394])cube(0.1,0.1,0.1);
translate([-62.3470987977,-653.612127548,-26.4244641924])cube(0.1,0.1,0.1);
translate([-50.3286147624,-693.390477066,-25.2509421822])cube(0.1,0.1,0.1);
translate([-64.1034141922,-649.786046703,-25.7627362959])cube(0.1,0.1,0.1);
translate([-66.9077901431,-662.966613672,-16.6168521463])cube(0.1,0.1,0.1);
translate([-362.84300074,-807.073234411,-512.270788913])cube(0.1,0.1,0.1);
translate([-359.659657246,-829.945339378,-506.928876885])cube(0.1,0.1,0.1);
translate([-424.300970874,-960.079343823,-243.791429528])cube(0.1,0.1,0.1);
translate([-403.380891311,-996.509137544,-279.860532222])cube(0.1,0.1,0.1);
translate([-382.305116279,-857.298139535,-110.066511628])cube(0.1,0.1,0.1);
translate([-317.421307506,-694.394673123,-49.8668280872])cube(0.1,0.1,0.1);
translate([-366.139317014,-630.358114234,-108.378664249])cube(0.1,0.1,0.1);
translate([-424.547325103,-645.344379467,-171.974225688])cube(0.1,0.1,0.1);
translate([-469.727882214,-809.265479164,-210.286906796])cube(0.1,0.1,0.1);
translate([-471.117408486,-799.426736689,-212.528078203])cube(0.1,0.1,0.1);
translate([-4.14606675833,-836.9966065,-113.213731972])cube(0.1,0.1,0.1);
translate([-16.4985590778,-799.76945245,-77.8530259366])cube(0.1,0.1,0.1);
translate([-54.2858855978,-907.622916417,-126.200083943])cube(0.1,0.1,0.1);
translate([-86.1376811594,-901.226449275,-98.2644927536])cube(0.1,0.1,0.1); }