hull(){ translate([95.0,-163.904109589,151.164383562])cube(0.1,0.1,0.1);
translate([74.4927536232,-15.5072463768,158.043478261])cube(0.1,0.1,0.1);
translate([95.0,5.0,35.0])cube(0.1,0.1,0.1);
translate([95.0,-25.4301075269,171.935483871])cube(0.1,0.1,0.1);
translate([68.0,-22.0,-149.6])cube(0.1,0.1,0.1);
translate([95.0,5.0,-137.0])cube(0.1,0.1,0.1);
translate([39.2764397906,-161.705759162,-188.248167539])cube(0.1,0.1,0.1);
translate([95.0,-247.647058824,-158.235294118])cube(0.1,0.1,0.1);
translate([59.9502982107,-110.546719682,-180.188866799])cube(0.1,0.1,0.1);
translate([95.0,-77.6,-164.533333333])cube(0.1,0.1,0.1);
translate([95.0,-254.594594595,-151.891891892])cube(0.1,0.1,0.1);
translate([95.0,-270.688622754,121.706586826])cube(0.1,0.1,0.1);
translate([63.2793546108,-274.709103757,110.753150395])cube(0.1,0.1,0.1);
translate([-4.26742331864,-281.601632117,59.0591876935])cube(0.1,0.1,0.1);
translate([10.2365415987,-272.349102773,-61.9738988581])cube(0.1,0.1,0.1);
translate([-53.1773399015,-143.177339901,43.1403940887])cube(0.1,0.1,0.1);
translate([-34.5580110497,-124.55801105,-129.08839779])cube(0.1,0.1,0.1);
translate([-23.0774962742,-148.90461997,-145.715350224])cube(0.1,0.1,0.1); }