hull(){ translate([-134.472600175,-350.768942704,99.606166521])cube(0.1,0.1,0.1);
translate([-78.49959996,-380.059255926,65.2825282528])cube(0.1,0.1,0.1);
translate([-113.54202773,-293.093587522,117.048310225])cube(0.1,0.1,0.1);
translate([-24.6918365394,-307.357163365,76.7834242511])cube(0.1,0.1,0.1);
translate([-92.3846787479,-405.885502471,-22.471169687])cube(0.1,0.1,0.1);
translate([-4.26742331864,-281.601632117,59.0591876935])cube(0.1,0.1,0.1);
translate([-233.150147203,-348.199214917,17.3748773307])cube(0.1,0.1,0.1);
translate([10.2365415987,-272.349102773,-61.9738988581])cube(0.1,0.1,0.1);
translate([-53.1773399015,-143.177339901,43.1403940887])cube(0.1,0.1,0.1);
translate([-257.415974203,-218.781470917,-191.595559965])cube(0.1,0.1,0.1);
translate([-299.831460674,7.43445692884,-38.1928838951])cube(0.1,0.1,0.1);
translate([-240.320247934,-309.958677686,-132.510330579])cube(0.1,0.1,0.1);
translate([-192.031739812,-390.439524556,-68.1256530825])cube(0.1,0.1,0.1);
translate([-228.587672053,-372.532415719,-49.2649112308])cube(0.1,0.1,0.1);
translate([-151.652173913,-54.8260869565,66.6086956522])cube(0.1,0.1,0.1);
translate([-163.937753721,-62.7131258457,75.051871899])cube(0.1,0.1,0.1);
translate([-34.5580110497,-124.55801105,-129.08839779])cube(0.1,0.1,0.1);
translate([-23.0774962742,-148.90461997,-145.715350224])cube(0.1,0.1,0.1);
translate([-174.243747519,-31.3636363636,56.8241365621])cube(0.1,0.1,0.1);
translate([-164.864864865,-61.1936936937,74.2792792793])cube(0.1,0.1,0.1);
translate([-111.221453287,-56.3771626298,-107.961937716])cube(0.1,0.1,0.1);
translate([-75.343502282,-141.97573865,-168.98270478])cube(0.1,0.1,0.1);
translate([-248.230150754,53.9909547739,-15.6713567839])cube(0.1,0.1,0.1);
translate([-281.97578426,34.4468904788,-23.3131535498])cube(0.1,0.1,0.1); }