hull(){ translate([265.268875611,234.997284085,12.0858229223])cube(0.1,0.1,0.1);
translate([456.345241859,90.8314890926,16.3578880809])cube(0.1,0.1,0.1);
translate([299.9445629,142.528784648,96.8486140725])cube(0.1,0.1,0.1);
translate([406.793819411,204.162240464,-80.946402704])cube(0.1,0.1,0.1);
translate([421.56665984,198.807085808,-113.446651649])cube(0.1,0.1,0.1);
translate([490.777510268,163.880470188,-108.307605155])cube(0.1,0.1,0.1);
translate([489.245786664,164.733068146,-109.695383649])cube(0.1,0.1,0.1);
translate([210.285227441,235.55267447,-73.6294265817])cube(0.1,0.1,0.1);
translate([263.690444361,219.021710069,-160.951018662])cube(0.1,0.1,0.1);
translate([204.947757161,232.469825257,-115.408935327])cube(0.1,0.1,0.1);
translate([184.134457237,214.337993421,-107.236842105])cube(0.1,0.1,0.1);
translate([250.79840576,-49.2375932116,84.3211622525])cube(0.1,0.1,0.1);
translate([258.533568905,-60.9151943463,78.6819787986])cube(0.1,0.1,0.1);
translate([480.756521739,110.613043478,-31.4826086957])cube(0.1,0.1,0.1);
translate([498.493054671,152.460175863,-101.043073786])cube(0.1,0.1,0.1);
translate([483.933415536,95.5117139334,-111.7324291])cube(0.1,0.1,0.1);
translate([464.505494505,51.4128728414,-30.3218210361])cube(0.1,0.1,0.1);
translate([475.471918877,67.6014040562,-102.386895476])cube(0.1,0.1,0.1);
translate([440.595181861,24.3859234766,11.4359943316])cube(0.1,0.1,0.1);
translate([444.423269809,27.2066198596,3.74623871615])cube(0.1,0.1,0.1);
translate([299.601769912,-79.5039590126,56.6348393107])cube(0.1,0.1,0.1);
translate([277.522285547,-95.7730527546,46.2655268157])cube(0.1,0.1,0.1);
translate([254.458423364,-112.767477521,-92.360423782])cube(0.1,0.1,0.1);
translate([424.956076135,12.8623718887,-127.401171303])cube(0.1,0.1,0.1);
translate([164.298813376,-13.1521035599,-136.120819849])cube(0.1,0.1,0.1);
translate([134.515033948,50.3475590042,-129.759133527])cube(0.1,0.1,0.1);
translate([133.273045508,29.8961493582,-124.873978996])cube(0.1,0.1,0.1);
translate([277.426407545,170.533009431,-187.372106316])cube(0.1,0.1,0.1);
translate([405.537897311,104.27737028,-181.419451236])cube(0.1,0.1,0.1);
translate([185.414651002,55.5183137526,-163.369039392])cube(0.1,0.1,0.1);
translate([412.787682334,54.602917342,-173.095623987])cube(0.1,0.1,0.1);
translate([187.790697674,1.18604651163,-154.023255814])cube(0.1,0.1,0.1);
translate([320.02210029,-64.4573997866,-148.356195702])cube(0.1,0.1,0.1);
translate([382.476091476,-18.4386694387,-159.074844075])cube(0.1,0.1,0.1); }