hull(){ translate([205.593054164,353.429561201,-261.238180313])cube(0.1,0.1,0.1);
translate([263.690444361,219.021710069,-160.951018662])cube(0.1,0.1,0.1);
translate([204.947757161,232.469825257,-115.408935327])cube(0.1,0.1,0.1);
translate([184.134457237,214.337993421,-107.236842105])cube(0.1,0.1,0.1);
translate([171.6591854,359.732698039,-233.171382317])cube(0.1,0.1,0.1);
translate([175.120481928,345.0,-219.126506024])cube(0.1,0.1,0.1);
translate([48.9084507042,345.0,-261.197183099])cube(0.1,0.1,0.1);
translate([103.326086322,374.52169726,-268.889456328])cube(0.1,0.1,0.1);
translate([134.515033948,50.3475590042,-129.759133527])cube(0.1,0.1,0.1);
translate([68.7422383765,52.966076026,-146.779494169])cube(0.1,0.1,0.1);
translate([111.48212591,50.1312875672,-128.353369187])cube(0.1,0.1,0.1);
translate([277.426407545,170.533009431,-187.372106316])cube(0.1,0.1,0.1);
translate([185.414651002,55.5183137526,-163.369039392])cube(0.1,0.1,0.1);
translate([14.7461457495,135.637112253,-130.51359049])cube(0.1,0.1,0.1);
translate([44.1209004463,153.360178537,-108.013778382])cube(0.1,0.1,0.1);
translate([48.9700544465,160.272232305,-107.236842105])cube(0.1,0.1,0.1);
translate([29.8022722307,334.524797903,-258.836574175])cube(0.1,0.1,0.1);
translate([205.433995073,353.48934937,-262.437327923])cube(0.1,0.1,0.1);
translate([266.022850925,156.278563656,-328.966267682])cube(0.1,0.1,0.1);
translate([210.159165752,86.4489571899,-364.418221734])cube(0.1,0.1,0.1);
translate([103.815617411,374.447039044,-270.010274612])cube(0.1,0.1,0.1);
translate([197.173913043,86.7391304348,-366.304347826])cube(0.1,0.1,0.1);
translate([-32.3757926277,183.2482057,-222.637795276])cube(0.1,0.1,0.1);
translate([15.5576208178,323.253717472,-267.775092937])cube(0.1,0.1,0.1);
translate([37.9906542056,84.9198931909,-354.479305741])cube(0.1,0.1,0.1);
translate([-18.8881309686,149.324693042,-284.217826285])cube(0.1,0.1,0.1);
translate([18.6479966436,82.2519404237,-337.137612754])cube(0.1,0.1,0.1);
translate([16.5945805107,322.795726941,-271.076081292])cube(0.1,0.1,0.1);
translate([45.2555066079,331.775330396,-295.431718062])cube(0.1,0.1,0.1);
translate([47.4788732394,311.281690141,-302.971830986])cube(0.1,0.1,0.1); }