hull(){ translate([108.189891459,133.771516281,303.610349742])cube(0.1,0.1,0.1);
translate([175.866028364,272.720106544,85.5427974948])cube(0.1,0.1,0.1);
translate([86.8897637795,345.0,68.8582677165])cube(0.1,0.1,0.1);
translate([175.065128901,297.94843962,88.1234735414])cube(0.1,0.1,0.1);
translate([107.281701045,133.225405077,303.504119892])cube(0.1,0.1,0.1);
translate([-7.63928317956,127.875266146,143.427963094])cube(0.1,0.1,0.1);
translate([159.739130435,332.492753623,137.507246377])cube(0.1,0.1,0.1);
translate([103.055555556,149.845679012,320.154320988])cube(0.1,0.1,0.1);
translate([85.737704918,145.99726776,324.00273224])cube(0.1,0.1,0.1);
translate([-7.15618860511,178.600196464,27.4852652259])cube(0.1,0.1,0.1);
translate([-3.82291057861,181.633547633,25.5084745763])cube(0.1,0.1,0.1);
translate([-130.751001335,153.154205607,85.6475300401])cube(0.1,0.1,0.1);
translate([-223.955568379,193.366993653,119.177726486])cube(0.1,0.1,0.1);
translate([-157.438245315,195.017035775,206.526831346])cube(0.1,0.1,0.1);
translate([-31.0576923077,176.586538462,293.413461538])cube(0.1,0.1,0.1);
translate([-205.541317992,264.612970711,135.907426778])cube(0.1,0.1,0.1);
translate([-141.084337349,341.626506024,128.373493976])cube(0.1,0.1,0.1);
translate([-224.284253579,201.748466258,117.862985685])cube(0.1,0.1,0.1);
translate([-8.68421052632,404.674185464,65.3258145363])cube(0.1,0.1,0.1);
translate([0.414364640884,392.542751907,52.7611154959])cube(0.1,0.1,0.1);
translate([-15.56,345.0,40.4])cube(0.1,0.1,0.1);
translate([-42.093990755,277.311248074,25.5084745763])cube(0.1,0.1,0.1); }