hull(){ translate([175.866028364,272.720106544,85.5427974948])cube(0.1,0.1,0.1);
translate([220.909948029,278.051556823,45.898680035])cube(0.1,0.1,0.1);
translate([86.8897637795,345.0,68.8582677165])cube(0.1,0.1,0.1);
translate([175.065128901,297.94843962,88.1234735414])cube(0.1,0.1,0.1);
translate([210.285227441,235.55267447,-73.6294265817])cube(0.1,0.1,0.1);
translate([208.731343284,345.0,24.552238806])cube(0.1,0.1,0.1);
translate([216.520013511,316.639081236,52.6591791927])cube(0.1,0.1,0.1);
translate([204.947757161,232.469825257,-115.408935327])cube(0.1,0.1,0.1);
translate([184.134457237,214.337993421,-107.236842105])cube(0.1,0.1,0.1);
translate([175.120481928,345.0,-219.126506024])cube(0.1,0.1,0.1);
translate([48.9084507042,345.0,-261.197183099])cube(0.1,0.1,0.1);
translate([48.9700544465,160.272232305,-107.236842105])cube(0.1,0.1,0.1);
translate([-3.82291057861,181.633547633,25.5084745763])cube(0.1,0.1,0.1);
translate([29.8022722307,334.524797903,-258.836574175])cube(0.1,0.1,0.1);
translate([23.4946236559,345.0,-252.483870968])cube(0.1,0.1,0.1);
translate([-15.56,345.0,40.4])cube(0.1,0.1,0.1);
translate([-41.5925925926,345.0,-57.2222222222])cube(0.1,0.1,0.1);
translate([-42.093990755,277.311248074,25.5084745763])cube(0.1,0.1,0.1); }