hull(){ translate([-257.366803279,435.788934426,-262.669057377])cube(0.1,0.1,0.1);
translate([-37.2540983607,362.418032787,-246.946721311])cube(0.1,0.1,0.1);
translate([-287.130817149,416.718578234,-283.432576035])cube(0.1,0.1,0.1);
translate([-300.053098351,85.169641842,-23.1375781694])cube(0.1,0.1,0.1);
translate([-252.355484752,133.293126991,61.6818388712])cube(0.1,0.1,0.1);
translate([-237.661290323,77.5403225806,-30.8064516129])cube(0.1,0.1,0.1);
translate([-254.49461937,74.7776006377,-15.3866082104])cube(0.1,0.1,0.1);
translate([-247.363002851,83.9230281913,-0.16946468166])cube(0.1,0.1,0.1);
translate([-187.705361535,104.557304476,-128.679291687])cube(0.1,0.1,0.1);
translate([-280.729836003,402.814807711,-290.541862472])cube(0.1,0.1,0.1);
translate([-191.171883641,110.043689857,-142.272425617])cube(0.1,0.1,0.1);
translate([-327.024160157,106.020190379,-68.4293763606])cube(0.1,0.1,0.1);
translate([-387.763716397,294.913535608,-162.54231515])cube(0.1,0.1,0.1);
translate([-306.55671655,397.147347915,-273.235189941])cube(0.1,0.1,0.1);
translate([-144.304703476,148.967280164,-192.770961145])cube(0.1,0.1,0.1);
translate([-278.980034285,330.580316628,26.7888474337])cube(0.1,0.1,0.1);
translate([-210.458996328,420.152998776,-77.6438188494])cube(0.1,0.1,0.1);
translate([-233.545054945,217.386813187,98.7494505495])cube(0.1,0.1,0.1);
translate([-89.2285714286,379.742857143,-99.6857142857])cube(0.1,0.1,0.1);
translate([-135.0,160.0,-205.0])cube(0.1,0.1,0.1);
translate([-236.030927835,375.182755389,-295.53420806])cube(0.1,0.1,0.1);
translate([-40.7062675398,335.49111319,-265.243217961])cube(0.1,0.1,0.1); }