hull(){ translate([-145.682926829,-83.9756097561,-578.541463415])cube(0.1,0.1,0.1);
translate([-135.307167235,-78.6860068259,-590.870307167])cube(0.1,0.1,0.1);
translate([-225.142180095,35.2132701422,-326.82464455])cube(0.1,0.1,0.1);
translate([-180.213431986,69.7552646557,-259.914627205])cube(0.1,0.1,0.1);
translate([-116.710625471,-127.434061794,-484.86435569])cube(0.1,0.1,0.1);
translate([-94.6865889213,-118.403790087,-294.125364431])cube(0.1,0.1,0.1);
translate([-120.681063123,-121.478405316,-322.07641196])cube(0.1,0.1,0.1);
translate([-145.793056501,109.223961879,-273.6827774])cube(0.1,0.1,0.1);
translate([18.0952380952,0.392857142857,-339.238095238])cube(0.1,0.1,0.1);
translate([-1.74283765348,-112.684174625,-331.302864939])cube(0.1,0.1,0.1);
translate([-78.6831683168,-93.4752475248,-562.108910891])cube(0.1,0.1,0.1);
translate([-61.8624833111,-123.673787272,-496.793502448])cube(0.1,0.1,0.1);
translate([-114.486607143,94.84375,-457.254464286])cube(0.1,0.1,0.1);
translate([8.81386861314,57.3175182482,-398.284671533])cube(0.1,0.1,0.1);
translate([23.1636465533,66.535587521,-362.552774145])cube(0.1,0.1,0.1);
translate([-39.5096582467,121.530460624,-316.196136701])cube(0.1,0.1,0.1);
translate([18.0952380952,80.1904761905,-339.238095238])cube(0.1,0.1,0.1);
translate([-236.954273272,66.2629286881,-545.070767556])cube(0.1,0.1,0.1);
translate([-234.54887218,49.3233082707,-562.249373434])cube(0.1,0.1,0.1);
translate([-241.730434783,60.0956521739,-539.707246377])cube(0.1,0.1,0.1);
translate([-231.287111422,52.3181976947,-566.791128187])cube(0.1,0.1,0.1);
translate([-231.115273775,65.8933717579,-557.340057637])cube(0.1,0.1,0.1); }