hull(){ translate([159.739130435,332.492753623,137.507246377])cube(0.1,0.1,0.1);
translate([103.055555556,149.845679012,320.154320988])cube(0.1,0.1,0.1);
translate([85.737704918,145.99726776,324.00273224])cube(0.1,0.1,0.1);
translate([138.843348385,398.662730115,221.525703369])cube(0.1,0.1,0.1);
translate([-31.0576923077,176.586538462,293.413461538])cube(0.1,0.1,0.1);
translate([52.272834832,164.303715097,355.790937056])cube(0.1,0.1,0.1);
translate([91.8821668644,193.297746145,366.089363385])cube(0.1,0.1,0.1);
translate([105.402371876,278.557814485,327.736128759])cube(0.1,0.1,0.1);
translate([-3.7525702536,456.967100754,155.84989719])cube(0.1,0.1,0.1);
translate([91.0470040229,437.041075588,230.119627355])cube(0.1,0.1,0.1);
translate([-141.084337349,341.626506024,128.373493976])cube(0.1,0.1,0.1);
translate([-79.1055718475,428.108504399,121.647116325])cube(0.1,0.1,0.1);
translate([-8.68421052632,404.674185464,65.3258145363])cube(0.1,0.1,0.1);
translate([-41.5189968464,452.69785253,106.42513891])cube(0.1,0.1,0.1); }