hull(){ translate([-263.198198198,-221.435810811,-197.477477477])cube(0.1,0.1,0.1);
translate([-280.060537268,-252.502837684,-204.808929247])cube(0.1,0.1,0.1);
translate([-192.090084251,-510.490232386,-332.528932506])cube(0.1,0.1,0.1);
translate([-146.393154892,-525.326897762,-136.684949539])cube(0.1,0.1,0.1);
translate([39.2764397906,-161.705759162,-188.248167539])cube(0.1,0.1,0.1);
translate([95.0,-247.647058824,-158.235294118])cube(0.1,0.1,0.1);
translate([-89.5913227887,-533.988247769,-323.603870284])cube(0.1,0.1,0.1);
translate([-94.8123543404,-537.520122054,-115.991086231])cube(0.1,0.1,0.1);
translate([9.67703349282,-466.836124402,-181.704545455])cube(0.1,0.1,0.1);
translate([-86.5768725361,-531.949060833,-107.424570354])cube(0.1,0.1,0.1);
translate([95.0,-254.594594595,-151.891891892])cube(0.1,0.1,0.1);
translate([99.0142611911,-253.867687838,-156.220784366])cube(0.1,0.1,0.1);
translate([-242.406795658,-215.056630486,-252.291175083])cube(0.1,0.1,0.1);
translate([-44.9330872174,-503.778264882,-350.646054453])cube(0.1,0.1,0.1);
translate([-208.150914328,-482.9255141,-352.190702659])cube(0.1,0.1,0.1);
translate([-92.3846787479,-405.885502471,-22.471169687])cube(0.1,0.1,0.1);
translate([10.2365415987,-272.349102773,-61.9738988581])cube(0.1,0.1,0.1);
translate([-257.415974203,-218.781470917,-191.595559965])cube(0.1,0.1,0.1);
translate([-240.320247934,-309.958677686,-132.510330579])cube(0.1,0.1,0.1);
translate([-192.031739812,-390.439524556,-68.1256530825])cube(0.1,0.1,0.1);
translate([-23.0774962742,-148.90461997,-145.715350224])cube(0.1,0.1,0.1);
translate([-75.343502282,-141.97573865,-168.98270478])cube(0.1,0.1,0.1);
translate([-5.76355066771,-477.281225452,-352.608798115])cube(0.1,0.1,0.1);
translate([111.78017532,-397.766351989,-284.408293999])cube(0.1,0.1,0.1);
translate([135.467518347,-332.4204947,-248.245447132])cube(0.1,0.1,0.1);
translate([131.051770306,-371.697411485,-267.302886046])cube(0.1,0.1,0.1);
translate([38.4515561989,-162.157481129,-197.312067004])cube(0.1,0.1,0.1);
translate([-77.4044795784,-145.006587615,-221.113306983])cube(0.1,0.1,0.1);
translate([-193.045638572,-195.46006625,-275.585204269])cube(0.1,0.1,0.1);
translate([-247.287449393,-255.728744939,-317.773279352])cube(0.1,0.1,0.1);
translate([-278.27027027,-326.351351351,-358.324324324])cube(0.1,0.1,0.1);
translate([-273.555259654,-339.121171771,-362.842876165])cube(0.1,0.1,0.1); }