hull(){ translate([129.129606099,-40.4764930114,196.982210928])cube(0.1,0.1,0.1);
translate([149.853036461,-47.3967721034,202.219178889])cube(0.1,0.1,0.1);
translate([250.79840576,-49.2375932116,84.3211622525])cube(0.1,0.1,0.1);
translate([241.543271636,-50.3326663332,100.817908954])cube(0.1,0.1,0.1);
translate([258.533568905,-60.9151943463,78.6819787986])cube(0.1,0.1,0.1);
translate([260.756754394,-209.60960042,26.6822593337])cube(0.1,0.1,0.1);
translate([277.522285547,-95.7730527546,46.2655268157])cube(0.1,0.1,0.1);
translate([248.40761458,-161.585167809,-93.2416095272])cube(0.1,0.1,0.1);
translate([254.458423364,-112.767477521,-92.360423782])cube(0.1,0.1,0.1);
translate([164.298813376,-13.1521035599,-136.120819849])cube(0.1,0.1,0.1);
translate([133.273045508,29.8961493582,-124.873978996])cube(0.1,0.1,0.1);
translate([120.593827501,33.4375861119,-124.961421879])cube(0.1,0.1,0.1);
translate([95.0,-163.904109589,151.164383562])cube(0.1,0.1,0.1);
translate([95.0,5.0,35.0])cube(0.1,0.1,0.1);
translate([95.0,-25.4301075269,171.935483871])cube(0.1,0.1,0.1);
translate([95.0,5.0,-137.0])cube(0.1,0.1,0.1);
translate([95.0,-247.647058824,-158.235294118])cube(0.1,0.1,0.1);
translate([95.0,-77.6,-164.533333333])cube(0.1,0.1,0.1);
translate([95.0,-254.594594595,-151.891891892])cube(0.1,0.1,0.1);
translate([95.0,-270.688622754,121.706586826])cube(0.1,0.1,0.1);
translate([99.0142611911,-253.867687838,-156.220784366])cube(0.1,0.1,0.1);
translate([256.078306609,-219.262322898,28.5886994146])cube(0.1,0.1,0.1);
translate([208.314893617,-225.608510638,-108.689361702])cube(0.1,0.1,0.1);
translate([114.15960452,-252.478813559,-149.540960452])cube(0.1,0.1,0.1);
translate([141.284458933,-262.100843314,140.035787683])cube(0.1,0.1,0.1);
translate([119.448742747,-268.34622824,130.783365571])cube(0.1,0.1,0.1); }