hull(){ translate([277.426407545,170.533009431,-187.372106316])cube(0.1,0.1,0.1);
translate([382.858267717,87.8976377953,-379.236220472])cube(0.1,0.1,0.1);
translate([405.537897311,104.27737028,-181.419451236])cube(0.1,0.1,0.1);
translate([185.414651002,55.5183137526,-163.369039392])cube(0.1,0.1,0.1);
translate([408.873015873,-8.03174603175,-267.047619048])cube(0.1,0.1,0.1);
translate([412.787682334,54.602917342,-173.095623987])cube(0.1,0.1,0.1);
translate([217.844777842,-31.2723600692,-363.19965378])cube(0.1,0.1,0.1);
translate([187.790697674,1.18604651163,-154.023255814])cube(0.1,0.1,0.1);
translate([365.391469471,-92.2772421852,-209.978089395])cube(0.1,0.1,0.1);
translate([320.02210029,-64.4573997866,-148.356195702])cube(0.1,0.1,0.1);
translate([362.801621364,-89.5350500715,-192.610872675])cube(0.1,0.1,0.1);
translate([382.476091476,-18.4386694387,-159.074844075])cube(0.1,0.1,0.1);
translate([266.022850925,156.278563656,-328.966267682])cube(0.1,0.1,0.1);
translate([210.159165752,86.4489571899,-364.418221734])cube(0.1,0.1,0.1);
translate([320.523535062,111.597822606,-441.895613192])cube(0.1,0.1,0.1);
translate([219.393305439,-6.10878661088,-387.39539749])cube(0.1,0.1,0.1);
translate([239.892835273,54.8203715044,-435.512349459])cube(0.1,0.1,0.1);
translate([217.905891762,58.5937083444,-408.591042389])cube(0.1,0.1,0.1); }