hull(){ translate([193.243318486,-316.094097996,347.616926503])cube(0.1,0.1,0.1);
translate([170.116424637,9.99874812218,265.169003505])cube(0.1,0.1,0.1);
translate([161.147205151,-3.88645010243,254.246414984])cube(0.1,0.1,0.1);
translate([185.260617761,9.83590733591,287.152509653])cube(0.1,0.1,0.1);
translate([280.313927686,-8.43166688422,347.52839055])cube(0.1,0.1,0.1);
translate([149.853036461,-47.3967721034,202.219178889])cube(0.1,0.1,0.1);
translate([241.543271636,-50.3326663332,100.817908954])cube(0.1,0.1,0.1);
translate([258.533568905,-60.9151943463,78.6819787986])cube(0.1,0.1,0.1);
translate([299.601769912,-79.5039590126,56.6348393107])cube(0.1,0.1,0.1);
translate([362.51079994,-239.011619246,62.4258900641])cube(0.1,0.1,0.1);
translate([260.756754394,-209.60960042,26.6822593337])cube(0.1,0.1,0.1);
translate([277.522285547,-95.7730527546,46.2655268157])cube(0.1,0.1,0.1);
translate([195.230487166,-318.656364589,350.882661079])cube(0.1,0.1,0.1);
translate([200.957055215,-354.288343558,303.797546012])cube(0.1,0.1,0.1);
translate([354.919137466,-42.0619946092,308.099730458])cube(0.1,0.1,0.1);
translate([424.008403361,-111.151260504,100.831932773])cube(0.1,0.1,0.1);
translate([389.498714653,-204.177377892,76.8251928021])cube(0.1,0.1,0.1);
translate([331.774193548,-310.967741935,85.4838709677])cube(0.1,0.1,0.1);
translate([238.25,-375.265625,208.234375])cube(0.1,0.1,0.1);
translate([332.261956365,-301.317006213,74.718248808])cube(0.1,0.1,0.1);
translate([191.117896973,-370.544344132,229.742432289])cube(0.1,0.1,0.1);
translate([256.078306609,-219.262322898,28.5886994146])cube(0.1,0.1,0.1);
translate([154.720211581,-314.096603563,188.958797327])cube(0.1,0.1,0.1);
translate([141.284458933,-262.100843314,140.035787683])cube(0.1,0.1,0.1);
translate([228.353815216,-118.982795218,368.960451346])cube(0.1,0.1,0.1);
translate([217.458770615,-251.971514243,373.110944528])cube(0.1,0.1,0.1);
translate([280.602551192,-11.4641378539,349.056170975])cube(0.1,0.1,0.1);
translate([340.083798883,-53.4357541899,326.396648045])cube(0.1,0.1,0.1); }