hull(){ translate([151.199751347,71.0215499378,-517.83050145])cube(0.1,0.1,0.1);
translate([241.952337305,-127.416743049,-534.525664528])cube(0.1,0.1,0.1);
translate([118.614074329,-55.7329662767,-600.938575361])cube(0.1,0.1,0.1);
translate([103.580494322,0.571142284569,-587.628590514])cube(0.1,0.1,0.1);
translate([219.393305439,-6.10878661088,-387.39539749])cube(0.1,0.1,0.1);
translate([243.916673324,54.6117280499,-451.041383718])cube(0.1,0.1,0.1);
translate([213.322869955,62.5156950673,-471.959641256])cube(0.1,0.1,0.1);
translate([54.7670048854,-147.243517475,-299.193912063])cube(0.1,0.1,0.1);
translate([211.655132641,-39.3829296424,-374.36947328])cube(0.1,0.1,0.1);
translate([18.593220339,-150.186440678,-611.881355932])cube(0.1,0.1,0.1);
translate([-57.367124252,-100.021119324,-594.334741288])cube(0.1,0.1,0.1);
translate([18.0952380952,0.392857142857,-339.238095238])cube(0.1,0.1,0.1);
translate([-1.74283765348,-112.684174625,-331.302864939])cube(0.1,0.1,0.1);
translate([28.4930282445,-125.940293171,-299.726492671])cube(0.1,0.1,0.1);
translate([-78.6831683168,-93.4752475248,-562.108910891])cube(0.1,0.1,0.1);
translate([-61.8624833111,-123.673787272,-496.793502448])cube(0.1,0.1,0.1);
translate([239.892835273,54.8203715044,-435.512349459])cube(0.1,0.1,0.1);
translate([217.905891762,58.5937083444,-408.591042389])cube(0.1,0.1,0.1);
translate([215.600600601,59.0990990991,-408.183183183])cube(0.1,0.1,0.1);
translate([142.482182855,-264.410507025,-424.043982896])cube(0.1,0.1,0.1);
translate([127.159503956,-268.220012829,-468.996151379])cube(0.1,0.1,0.1);
translate([210.008869742,-189.192853523,-442.96376077])cube(0.1,0.1,0.1);
translate([240.974240213,-132.685426052,-533.410633843])cube(0.1,0.1,0.1);
translate([154.072616573,-220.83011583,-541.208048708])cube(0.1,0.1,0.1);
translate([77.6440508855,-203.166625094,-574.83661761])cube(0.1,0.1,0.1);
translate([127.247144512,-261.857308393,-492.291011422])cube(0.1,0.1,0.1);
translate([8.81386861314,57.3175182482,-398.284671533])cube(0.1,0.1,0.1);
translate([44.802259887,75.9322033898,-403.248587571])cube(0.1,0.1,0.1);
translate([23.1636465533,66.535587521,-362.552774145])cube(0.1,0.1,0.1);
translate([39.5025125628,74.7688442211,-369.381909548])cube(0.1,0.1,0.1); }