hull(){ translate([-145.793056501,109.223961879,-273.6827774])cube(0.1,0.1,0.1);
translate([-32.3757926277,183.2482057,-222.637795276])cube(0.1,0.1,0.1);
translate([-133.945458427,157.37058384,-204.361724837])cube(0.1,0.1,0.1);
translate([-256.065697091,375.789869609,-347.13891675])cube(0.1,0.1,0.1);
translate([15.5576208178,323.253717472,-267.775092937])cube(0.1,0.1,0.1);
translate([-135.0,160.0,-205.0])cube(0.1,0.1,0.1);
translate([-236.030927835,375.182755389,-295.53420806])cube(0.1,0.1,0.1);
translate([-40.7062675398,335.49111319,-265.243217961])cube(0.1,0.1,0.1);
translate([-114.486607143,94.84375,-457.254464286])cube(0.1,0.1,0.1);
translate([-39.5096582467,121.530460624,-316.196136701])cube(0.1,0.1,0.1);
translate([-18.8881309686,149.324693042,-284.217826285])cube(0.1,0.1,0.1);
translate([-6.36298421808,324.397417504,-317.525107604])cube(0.1,0.1,0.1);
translate([16.5945805107,322.795726941,-271.076081292])cube(0.1,0.1,0.1);
translate([-269.85136251,263.641618497,-472.700247729])cube(0.1,0.1,0.1);
translate([-137.4,211.0,-541.8])cube(0.1,0.1,0.1);
translate([-140.309278351,203.298969072,-545.051546392])cube(0.1,0.1,0.1);
translate([-195.278833967,355.697084918,-446.077313054])cube(0.1,0.1,0.1);
translate([-228.1544449,363.775092175,-431.612044244])cube(0.1,0.1,0.1);
translate([-260.679012346,161.666666667,-530.432098765])cube(0.1,0.1,0.1);
translate([-236.954273272,66.2629286881,-545.070767556])cube(0.1,0.1,0.1);
translate([-229.050470488,98.7425149701,-574.046193328])cube(0.1,0.1,0.1);
translate([-231.115273775,65.8933717579,-557.340057637])cube(0.1,0.1,0.1); }