hull(){ translate([-242.406795658,-215.056630486,-252.291175083])cube(0.1,0.1,0.1);
translate([-306.56399296,-244.856675886,-482.012823736])cube(0.1,0.1,0.1);
translate([-145.682926829,-83.9756097561,-578.541463415])cube(0.1,0.1,0.1);
translate([-225.142180095,35.2132701422,-326.82464455])cube(0.1,0.1,0.1);
translate([-350.786501748,24.3492874429,-278.17289594])cube(0.1,0.1,0.1);
translate([-116.710625471,-127.434061794,-484.86435569])cube(0.1,0.1,0.1);
translate([-193.045638572,-195.46006625,-275.585204269])cube(0.1,0.1,0.1);
translate([-120.681063123,-121.478405316,-322.07641196])cube(0.1,0.1,0.1);
translate([-247.287449393,-255.728744939,-317.773279352])cube(0.1,0.1,0.1);
translate([-263.080866705,-277.143548075,-391.92203521])cube(0.1,0.1,0.1);
translate([-391.902695295,35.7903152124,-387.220191868])cube(0.1,0.1,0.1);
translate([-392.380770989,-36.8771903093,-479.488800853])cube(0.1,0.1,0.1);
translate([-234.54887218,49.3233082707,-562.249373434])cube(0.1,0.1,0.1);
translate([-241.730434783,60.0956521739,-539.707246377])cube(0.1,0.1,0.1); }