hull(){ translate([-225.142180095,35.2132701422,-326.82464455])cube(0.1,0.1,0.1);
translate([-350.786501748,24.3492874429,-278.17289594])cube(0.1,0.1,0.1);
translate([-280.729836003,402.814807711,-290.541862472])cube(0.1,0.1,0.1);
translate([-180.213431986,69.7552646557,-259.914627205])cube(0.1,0.1,0.1);
translate([-191.171883641,110.043689857,-142.272425617])cube(0.1,0.1,0.1);
translate([-327.024160157,106.020190379,-68.4293763606])cube(0.1,0.1,0.1);
translate([-387.763716397,294.913535608,-162.54231515])cube(0.1,0.1,0.1);
translate([-306.55671655,397.147347915,-273.235189941])cube(0.1,0.1,0.1);
translate([-417.21212596,52.6868243773,-158.728654238])cube(0.1,0.1,0.1);
translate([-396.445038044,80.4022988506,-95.4905293832])cube(0.1,0.1,0.1);
translate([-144.304703476,148.967280164,-192.770961145])cube(0.1,0.1,0.1);
translate([-145.793056501,109.223961879,-273.6827774])cube(0.1,0.1,0.1);
translate([-133.945458427,157.37058384,-204.361724837])cube(0.1,0.1,0.1);
translate([-256.065697091,375.789869609,-347.13891675])cube(0.1,0.1,0.1);
translate([-135.0,160.0,-205.0])cube(0.1,0.1,0.1);
translate([-236.030927835,375.182755389,-295.53420806])cube(0.1,0.1,0.1);
translate([-423.866945438,306.244395184,-184.833744773])cube(0.1,0.1,0.1);
translate([-387.833295221,359.241939172,-243.563914933])cube(0.1,0.1,0.1);
translate([-503.718807727,132.250070447,-167.785309496])cube(0.1,0.1,0.1);
translate([-509.448852366,83.8516576934,-238.387645225])cube(0.1,0.1,0.1);
translate([-269.85136251,263.641618497,-472.700247729])cube(0.1,0.1,0.1);
translate([-415.837232209,226.300172371,-381.429450874])cube(0.1,0.1,0.1);
translate([-295.192076831,220.966386555,-501.566626651])cube(0.1,0.1,0.1);
translate([-501.877308166,79.6409519902,-281.421830119])cube(0.1,0.1,0.1);
translate([-260.679012346,161.666666667,-530.432098765])cube(0.1,0.1,0.1);
translate([-391.902695295,35.7903152124,-387.220191868])cube(0.1,0.1,0.1);
translate([-236.954273272,66.2629286881,-545.070767556])cube(0.1,0.1,0.1);
translate([-241.730434783,60.0956521739,-539.707246377])cube(0.1,0.1,0.1); }