hull(){ translate([-135.413986014,-279.472727273,149.201398601])cube(0.1,0.1,0.1);
translate([-143.387878788,-221.163636364,278.278787879])cube(0.1,0.1,0.1);
translate([-144.429689684,-220.552138664,283.465194297])cube(0.1,0.1,0.1);
translate([-145.134770889,-216.578044597,281.990933595])cube(0.1,0.1,0.1);
translate([-159.445678033,-351.567803331,125.169706582])cube(0.1,0.1,0.1);
translate([-244.269356598,-442.60087241,312.74263904])cube(0.1,0.1,0.1);
translate([-246.861713398,-460.574546225,293.155943216])cube(0.1,0.1,0.1);
translate([-308.408831095,-465.29365533,297.030580166])cube(0.1,0.1,0.1);
translate([-271.717484516,-351.350643163,118.220581229])cube(0.1,0.1,0.1);
translate([-306.367603235,-355.821626224,123.283312048])cube(0.1,0.1,0.1);
translate([-183.695652174,-147.869565217,266.391304348])cube(0.1,0.1,0.1);
translate([-183.695652174,-177.295247725,178.114256825])cube(0.1,0.1,0.1);
translate([-326.875,-180.625,168.125])cube(0.1,0.1,0.1);
translate([-238.959923664,-421.622137405,326.469465649])cube(0.1,0.1,0.1);
translate([-176.726069246,-276.191446029,319.918533605])cube(0.1,0.1,0.1);
translate([-320.248901903,-362.642752562,391.603221083])cube(0.1,0.1,0.1);
translate([-300.186308492,-324.731369151,387.452339688])cube(0.1,0.1,0.1);
translate([-266.291946309,-138.859060403,293.422818792])cube(0.1,0.1,0.1);
translate([-415.16163222,-212.835188129,176.126126126])cube(0.1,0.1,0.1);
translate([-389.118942731,-176.651982379,180.044052863])cube(0.1,0.1,0.1);
translate([-345.124481328,-409.315352697,364.668049793])cube(0.1,0.1,0.1);
translate([-351.933169332,-393.89298893,377.714227142])cube(0.1,0.1,0.1);
translate([-328.893336218,-447.309606231,320.047598442])cube(0.1,0.1,0.1);
translate([-407.682186235,-289.873481781,239.701417004])cube(0.1,0.1,0.1);
translate([-324.143637174,-460.158792066,287.949632271])cube(0.1,0.1,0.1);
translate([-333.810586735,-442.541454082,259.400510204])cube(0.1,0.1,0.1); }