hull(){ translate([-103.767772512,185.341232227,315.530805687])cube(0.1,0.1,0.1);
translate([-157.438245315,195.017035775,206.526831346])cube(0.1,0.1,0.1);
translate([-31.0576923077,176.586538462,293.413461538])cube(0.1,0.1,0.1);
translate([-46.544499596,241.569317788,461.325753203])cube(0.1,0.1,0.1);
translate([52.272834832,164.303715097,355.790937056])cube(0.1,0.1,0.1);
translate([22.8212881766,167.373752646,383.317205927])cube(0.1,0.1,0.1);
translate([14.1786877617,205.095102373,443.995463006])cube(0.1,0.1,0.1);
translate([91.8821668644,193.297746145,366.089363385])cube(0.1,0.1,0.1);
translate([105.402371876,278.557814485,327.736128759])cube(0.1,0.1,0.1);
translate([-3.7525702536,456.967100754,155.84989719])cube(0.1,0.1,0.1);
translate([91.0470040229,437.041075588,230.119627355])cube(0.1,0.1,0.1);
translate([64.178539626,492.837266251,232.669189671])cube(0.1,0.1,0.1);
translate([96.1904761905,214.321428571,392.738095238])cube(0.1,0.1,0.1);
translate([96.241956242,214.30019305,392.667310167])cube(0.1,0.1,0.1);
translate([-91.2617647059,371.866176471,424.832352941])cube(0.1,0.1,0.1);
translate([-181.276595745,428.563829787,260.0])cube(0.1,0.1,0.1);
translate([31.0245901639,463.580942623,311.280737705])cube(0.1,0.1,0.1);
translate([47.5287356322,493.936781609,260.0])cube(0.1,0.1,0.1);
translate([-227.818679007,390.595288178,144.869583509])cube(0.1,0.1,0.1);
translate([-205.541317992,264.612970711,135.907426778])cube(0.1,0.1,0.1);
translate([-141.084337349,341.626506024,128.373493976])cube(0.1,0.1,0.1);
translate([-79.1055718475,428.108504399,121.647116325])cube(0.1,0.1,0.1); }