hull(){ translate([107.819574663,15.2423965241,242.143837183])cube(0.1,0.1,0.1);
translate([55.474222747,11.5190869736,168.553719008])cube(0.1,0.1,0.1);
translate([-124.271070615,-113.018223235,325.615034169])cube(0.1,0.1,0.1);
translate([129.129606099,-40.4764930114,196.982210928])cube(0.1,0.1,0.1);
translate([-135.413986014,-279.472727273,149.201398601])cube(0.1,0.1,0.1);
translate([-143.387878788,-221.163636364,278.278787879])cube(0.1,0.1,0.1);
translate([-145.134770889,-216.578044597,281.990933595])cube(0.1,0.1,0.1);
translate([95.0,-163.904109589,151.164383562])cube(0.1,0.1,0.1);
translate([74.4927536232,-15.5072463768,158.043478261])cube(0.1,0.1,0.1);
translate([95.0,-25.4301075269,171.935483871])cube(0.1,0.1,0.1);
translate([47.8684389911,-287.069529652,114.160190866])cube(0.1,0.1,0.1);
translate([63.2793546108,-274.709103757,110.753150395])cube(0.1,0.1,0.1);
translate([-181.042047532,-124.855575868,274.400365631])cube(0.1,0.1,0.1);
translate([-183.695652174,-147.869565217,266.391304348])cube(0.1,0.1,0.1);
translate([-164.383561644,-63.2191780822,76.1643835616])cube(0.1,0.1,0.1);
translate([-183.695652174,-177.295247725,178.114256825])cube(0.1,0.1,0.1);
translate([-113.54202773,-293.093587522,117.048310225])cube(0.1,0.1,0.1);
translate([-24.6918365394,-307.357163365,76.7834242511])cube(0.1,0.1,0.1);
translate([-4.26742331864,-281.601632117,59.0591876935])cube(0.1,0.1,0.1);
translate([-53.1773399015,-143.177339901,43.1403940887])cube(0.1,0.1,0.1);
translate([-151.652173913,-54.8260869565,66.6086956522])cube(0.1,0.1,0.1);
translate([-163.937753721,-62.7131258457,75.051871899])cube(0.1,0.1,0.1); }