hull(){ translate([171.855862584,-425.567587752,210.056011949])cube(0.1,0.1,0.1);
translate([331.774193548,-388.904569892,163.420698925])cube(0.1,0.1,0.1);
translate([331.774193548,-310.967741935,85.4838709677])cube(0.1,0.1,0.1);
translate([238.25,-375.265625,208.234375])cube(0.1,0.1,0.1);
translate([332.261956365,-301.317006213,74.718248808])cube(0.1,0.1,0.1);
translate([468.413347402,-551.887364811,-37.7037720918])cube(0.1,0.1,0.1);
translate([207.19266055,-531.577981651,-21.5963302752])cube(0.1,0.1,0.1);
translate([191.117896973,-370.544344132,229.742432289])cube(0.1,0.1,0.1);
translate([166.869158879,-410.607476636,219.561915888])cube(0.1,0.1,0.1);
translate([256.078306609,-219.262322898,28.5886994146])cube(0.1,0.1,0.1);
translate([281.430267532,-398.449422194,-240.838214342])cube(0.1,0.1,0.1);
translate([154.720211581,-314.096603563,188.958797327])cube(0.1,0.1,0.1);
translate([132.91831357,-308.754940711,170.757575758])cube(0.1,0.1,0.1);
translate([208.314893617,-225.608510638,-108.689361702])cube(0.1,0.1,0.1);
translate([114.15960452,-252.478813559,-149.540960452])cube(0.1,0.1,0.1);
translate([141.284458933,-262.100843314,140.035787683])cube(0.1,0.1,0.1);
translate([119.448742747,-268.34622824,130.783365571])cube(0.1,0.1,0.1);
translate([236.923466973,-340.26806842,-248.578527483])cube(0.1,0.1,0.1);
translate([216.848151848,-359.555444555,-274.100899101])cube(0.1,0.1,0.1);
translate([194.426271622,-362.870354513,-280.005137866])cube(0.1,0.1,0.1);
translate([237.197986577,-376.908557047,-266.086409396])cube(0.1,0.1,0.1);
translate([155.967563583,-359.255436786,-278.599336528])cube(0.1,0.1,0.1);
translate([145.059288538,-345.177865613,-262.015810277])cube(0.1,0.1,0.1);
translate([150.382695507,-361.148086522,-274.65890183])cube(0.1,0.1,0.1);
translate([367.12962963,-433.204089506,126.90779321])cube(0.1,0.1,0.1);
translate([320.935750791,-470.351667072,127.100267705])cube(0.1,0.1,0.1);
translate([460.275787369,-519.974170972,0.772371271455])cube(0.1,0.1,0.1);
translate([469.175155444,-546.371874587,-25.3624818098])cube(0.1,0.1,0.1); }