hull(){ translate([-139.323432343,175.495049505,300.214521452])cube(0.1,0.1,0.1);
translate([-261.244503078,236.455584872,531.864555849])cube(0.1,0.1,0.1);
translate([-264.071114401,167.085093411,155.002612899])cube(0.1,0.1,0.1);
translate([-393.163841808,-74.1242937853,500.0])cube(0.1,0.1,0.1);
translate([-366.753246753,-30.2597402597,540.649350649])cube(0.1,0.1,0.1);
translate([-354.137931034,-64.367816092,500.0])cube(0.1,0.1,0.1);
translate([-403.960802723,132.423424481,207.117709189])cube(0.1,0.1,0.1);
translate([-373.779176687,198.624275004,237.54774367])cube(0.1,0.1,0.1);
translate([-281.94576768,239.362403811,531.000366435])cube(0.1,0.1,0.1);
translate([-320.0,110.0,550.0])cube(0.1,0.1,0.1);
translate([-300.440528634,166.563876652,552.643171806])cube(0.1,0.1,0.1);
translate([-226.65615142,-40.2681388013,310.488958991])cube(0.1,0.1,0.1);
translate([-235.214146658,-49.7631408177,318.484750162])cube(0.1,0.1,0.1);
translate([-275.77445955,150.623467796,149.738132382])cube(0.1,0.1,0.1);
translate([-368.035733448,118.019100762,177.194441464])cube(0.1,0.1,0.1);
translate([-398.547758285,-76.6920077973,485.339181287])cube(0.1,0.1,0.1);
translate([-402.202216066,-70.8448753463,467.797783934])cube(0.1,0.1,0.1);
translate([-301.281471917,-65.1969012266,331.481601033])cube(0.1,0.1,0.1);
translate([-429.954742599,-15.7420328116,294.84725627])cube(0.1,0.1,0.1);
translate([-425.03358209,-15.9552238806,290.014925373])cube(0.1,0.1,0.1); }