hull(){ translate([373.438061041,-152.931465147,-224.836858949])cube(0.1,0.1,0.1);
translate([398.570518108,-484.553872685,-220.465996851])cube(0.1,0.1,0.1);
translate([362.51079994,-239.011619246,62.4258900641])cube(0.1,0.1,0.1);
translate([487.413249211,-234.29022082,0.18927444795])cube(0.1,0.1,0.1);
translate([260.756754394,-209.60960042,26.6822593337])cube(0.1,0.1,0.1);
translate([248.40761458,-161.585167809,-93.2416095272])cube(0.1,0.1,0.1);
translate([369.242311967,-137.09707299,-205.244535013])cube(0.1,0.1,0.1);
translate([514.680851064,-245.826513912,-13.968903437])cube(0.1,0.1,0.1);
translate([394.423076923,-162.58361204,-221.18729097])cube(0.1,0.1,0.1);
translate([407.165898618,-148.732718894,-190.161290323])cube(0.1,0.1,0.1);
translate([465.568181818,-195.454545455,-92.0454545455])cube(0.1,0.1,0.1);
translate([470.162063456,-508.348550559,-208.015293312])cube(0.1,0.1,0.1);
translate([473.355263158,-511.184210526,-202.763157895])cube(0.1,0.1,0.1);
translate([545.884655532,-465.853340292,-39.5720250522])cube(0.1,0.1,0.1);
translate([475.155767169,-551.02762187,-98.5662483446])cube(0.1,0.1,0.1);
translate([332.261956365,-301.317006213,74.718248808])cube(0.1,0.1,0.1);
translate([468.413347402,-551.887364811,-37.7037720918])cube(0.1,0.1,0.1);
translate([256.078306609,-219.262322898,28.5886994146])cube(0.1,0.1,0.1);
translate([281.430267532,-398.449422194,-240.838214342])cube(0.1,0.1,0.1);
translate([208.314893617,-225.608510638,-108.689361702])cube(0.1,0.1,0.1);
translate([236.923466973,-340.26806842,-248.578527483])cube(0.1,0.1,0.1);
translate([499.953200483,-544.766002415,-20.193236715])cube(0.1,0.1,0.1);
translate([460.275787369,-519.974170972,0.772371271455])cube(0.1,0.1,0.1);
translate([469.175155444,-546.371874587,-25.3624818098])cube(0.1,0.1,0.1);
translate([483.28734135,-562.345894042,-40.1800805743])cube(0.1,0.1,0.1);
translate([482.897490553,-562.086522624,-39.9578529212])cube(0.1,0.1,0.1); }