hull(){ translate([180.206618909,97.9551240305,293.90207803])cube(0.1,0.1,0.1);
translate([279.227344992,160.759936407,144.912559618])cube(0.1,0.1,0.1);
translate([240.381771744,265.596182283,46.6285791101])cube(0.1,0.1,0.1);
translate([108.189891459,133.771516281,303.610349742])cube(0.1,0.1,0.1);
translate([332.005208333,380.203125,83.5885416667])cube(0.1,0.1,0.1);
translate([175.866028364,272.720106544,85.5427974948])cube(0.1,0.1,0.1);
translate([220.909948029,278.051556823,45.898680035])cube(0.1,0.1,0.1);
translate([175.065128901,297.94843962,88.1234735414])cube(0.1,0.1,0.1);
translate([216.520013511,316.639081236,52.6591791927])cube(0.1,0.1,0.1);
translate([159.739130435,332.492753623,137.507246377])cube(0.1,0.1,0.1);
translate([103.055555556,149.845679012,320.154320988])cube(0.1,0.1,0.1);
translate([379.072289157,173.957831325,245.331325301])cube(0.1,0.1,0.1);
translate([362.249146758,144.984641638,362.158703072])cube(0.1,0.1,0.1);
translate([138.843348385,398.662730115,221.525703369])cube(0.1,0.1,0.1);
translate([91.8821668644,193.297746145,366.089363385])cube(0.1,0.1,0.1);
translate([105.402371876,278.557814485,327.736128759])cube(0.1,0.1,0.1);
translate([96.241956242,214.30019305,392.667310167])cube(0.1,0.1,0.1);
translate([327.142038946,439.533791523,94.2875143184])cube(0.1,0.1,0.1);
translate([390.782747604,415.469648562,127.897763578])cube(0.1,0.1,0.1);
translate([455.065116279,401.090697674,204.86744186])cube(0.1,0.1,0.1);
translate([285.581709704,459.666262702,91.4808427333])cube(0.1,0.1,0.1);
translate([383.404907975,456.783142171,290.937583356])cube(0.1,0.1,0.1);
translate([329.559386973,485.621355989,299.237881059])cube(0.1,0.1,0.1);
translate([124.459655924,220.153864793,412.179549309])cube(0.1,0.1,0.1);
translate([266.788990826,115.04587156,352.752293578])cube(0.1,0.1,0.1);
translate([353.935434929,141.759103169,364.430209036])cube(0.1,0.1,0.1);
translate([369.036429053,151.741623566,369.279289409])cube(0.1,0.1,0.1);
translate([452.664907652,238.997361478,413.007915567])cube(0.1,0.1,0.1);
translate([370.867718447,410.995145631,405.952669903])cube(0.1,0.1,0.1);
translate([338.084260731,466.764705882,328.704292528])cube(0.1,0.1,0.1);
translate([383.118299252,354.454003452,475.875215731])cube(0.1,0.1,0.1);
translate([339.751393534,343.396878484,471.244147157])cube(0.1,0.1,0.1);
translate([475.553687245,341.374009128,259.087196733])cube(0.1,0.1,0.1);
translate([468.941105284,267.791448165,291.587333602])cube(0.1,0.1,0.1);
translate([461.463414634,252.195121951,373.414634146])cube(0.1,0.1,0.1);
translate([457.920950131,271.796181598,430.172402784])cube(0.1,0.1,0.1);
translate([457.634902411,246.452353617,416.804439342])cube(0.1,0.1,0.1);
translate([235.522093162,503.04155191,192.008741468])cube(0.1,0.1,0.1);
translate([240.996069072,503.714726941,185.755299733])cube(0.1,0.1,0.1);
translate([257.946219797,501.812159002,214.236165238])cube(0.1,0.1,0.1); }