hull(){ translate([-263.198198198,-221.435810811,-197.477477477])cube(0.1,0.1,0.1);
translate([-507.537859008,-105.694516971,-476.101827676])cube(0.1,0.1,0.1);
translate([-280.060537268,-252.502837684,-204.808929247])cube(0.1,0.1,0.1);
translate([-383.947368421,-38.9802631579,-130.0])cube(0.1,0.1,0.1);
translate([-386.11662531,-46.1166253102,-131.873449132])cube(0.1,0.1,0.1);
translate([-315.03407155,-251.831345826,-200.724020443])cube(0.1,0.1,0.1);
translate([-376.386782232,-134.414951246,-159.117009751])cube(0.1,0.1,0.1);
translate([-428.333333333,-88.3333333333,-168.333333333])cube(0.1,0.1,0.1);
translate([-242.406795658,-215.056630486,-252.291175083])cube(0.1,0.1,0.1);
translate([-309.207603453,-343.704303123,-391.985275451])cube(0.1,0.1,0.1);
translate([-324.848514275,-271.835307827,-481.475043698])cube(0.1,0.1,0.1);
translate([-306.56399296,-244.856675886,-482.012823736])cube(0.1,0.1,0.1);
translate([-350.786501748,24.3492874429,-278.17289594])cube(0.1,0.1,0.1);
translate([-417.21212596,52.6868243773,-158.728654238])cube(0.1,0.1,0.1);
translate([-346.423740277,-276.910720325,-250.397362191])cube(0.1,0.1,0.1);
translate([-325.967376529,-343.289533303,-389.834617127])cube(0.1,0.1,0.1);
translate([-488.988831272,-173.707618668,-476.647387316])cube(0.1,0.1,0.1);
translate([-415.460056469,-262.590931739,-478.809998339])cube(0.1,0.1,0.1);
translate([-547.958761511,-41.443347124,-271.646203123])cube(0.1,0.1,0.1);
translate([-503.186528497,-83.5699481865,-232.979274611])cube(0.1,0.1,0.1);
translate([-534.334400233,-113.289081254,-456.634538445])cube(0.1,0.1,0.1);
translate([-546.56037415,-90.3869047619,-429.197845805])cube(0.1,0.1,0.1);
translate([-247.287449393,-255.728744939,-317.773279352])cube(0.1,0.1,0.1);
translate([-263.080866705,-277.143548075,-391.92203521])cube(0.1,0.1,0.1);
translate([-278.27027027,-326.351351351,-358.324324324])cube(0.1,0.1,0.1);
translate([-280.377454731,-329.926039276,-365.586585055])cube(0.1,0.1,0.1);
translate([-550.789412651,57.6294428016,-274.090856381])cube(0.1,0.1,0.1);
translate([-509.448852366,83.8516576934,-238.387645225])cube(0.1,0.1,0.1);
translate([-501.877308166,79.6409519902,-281.421830119])cube(0.1,0.1,0.1);
translate([-391.902695295,35.7903152124,-387.220191868])cube(0.1,0.1,0.1);
translate([-549.045021645,-3.42424242424,-365.701298701])cube(0.1,0.1,0.1);
translate([-550.70206646,54.5723260919,-291.134282038])cube(0.1,0.1,0.1);
translate([-475.248206093,-64.5576990942,-477.05152335])cube(0.1,0.1,0.1);
translate([-392.380770989,-36.8771903093,-479.488800853])cube(0.1,0.1,0.1); }