hull(){ translate([103.823839662,525.371835443,-117.671413502])cube(0.1,0.1,0.1);
translate([6.9787100814,644.361749709,-230.940155649])cube(0.1,0.1,0.1);
translate([-24.4698033708,655.625,-240.621488764])cube(0.1,0.1,0.1);
translate([-34.5488372093,643.079069767,-246.753488372])cube(0.1,0.1,0.1);
translate([-252.679558011,488.687845304,-262.334254144])cube(0.1,0.1,0.1);
translate([72.9702572347,426.774517685,-239.073553055])cube(0.1,0.1,0.1);
translate([42.0731707317,519.024390244,-241.280487805])cube(0.1,0.1,0.1);
translate([13.3277988615,360.250237192,-243.333728653])cube(0.1,0.1,0.1);
translate([-46.7363376835,707.098287113,-174.978588907])cube(0.1,0.1,0.1);
translate([-237.080659945,540.979605866,-219.969065078])cube(0.1,0.1,0.1);
translate([-257.366803279,435.788934426,-262.669057377])cube(0.1,0.1,0.1);
translate([-37.2540983607,362.418032787,-246.946721311])cube(0.1,0.1,0.1);
translate([12.1828358209,723.02238806,-95.1305970149])cube(0.1,0.1,0.1);
translate([66.9523562921,703.821336095,-77.5789746245])cube(0.1,0.1,0.1);
translate([74.3226057617,694.007267065,-69.4329094212])cube(0.1,0.1,0.1);
translate([-210.458996328,420.152998776,-77.6438188494])cube(0.1,0.1,0.1);
translate([-191.478567553,481.839392295,-25.4476397179])cube(0.1,0.1,0.1);
translate([-88.6242192922,549.743233865,39.460444136])cube(0.1,0.1,0.1);
translate([-89.2285714286,379.742857143,-99.6857142857])cube(0.1,0.1,0.1);
translate([-53.0432242991,548.623831776,41.7792056075])cube(0.1,0.1,0.1);
translate([-43.5307743216,377.706816678,-97.1972203839])cube(0.1,0.1,0.1);
translate([0.414364640884,466.14640884,-20.8425414365])cube(0.1,0.1,0.1); }