hull(){ translate([-182.39802779,34.8554459883,-670.551322277])cube(0.1,0.1,0.1);
translate([-135.307167235,-78.6860068259,-590.870307167])cube(0.1,0.1,0.1);
translate([-123.492500765,-82.4954086318,-616.707988981])cube(0.1,0.1,0.1);
translate([122.256699577,178.662099537,-642.323191618])cube(0.1,0.1,0.1);
translate([150.002816901,209.050704225,-595.83943662])cube(0.1,0.1,0.1);
translate([94.4117647059,240.882352941,-540.294117647])cube(0.1,0.1,0.1);
translate([152.318361955,154.022457067,-560.561426684])cube(0.1,0.1,0.1);
translate([108.487818157,196.786443446,-651.806859943])cube(0.1,0.1,0.1);
translate([146.879120117,216.450281035,-596.645964888])cube(0.1,0.1,0.1);
translate([100.943177426,242.298028605,-550.429068419])cube(0.1,0.1,0.1);
translate([151.199751347,71.0215499378,-517.83050145])cube(0.1,0.1,0.1);
translate([103.580494322,0.571142284569,-587.628590514])cube(0.1,0.1,0.1);
translate([-57.367124252,-100.021119324,-594.334741288])cube(0.1,0.1,0.1);
translate([-78.6831683168,-93.4752475248,-562.108910891])cube(0.1,0.1,0.1);
translate([-114.486607143,94.84375,-457.254464286])cube(0.1,0.1,0.1);
translate([8.81386861314,57.3175182482,-398.284671533])cube(0.1,0.1,0.1);
translate([44.802259887,75.9322033898,-403.248587571])cube(0.1,0.1,0.1);
translate([74.6153846154,236.923076923,-516.538461538])cube(0.1,0.1,0.1);
translate([-208.657852132,70.3955747437,-663.402050729])cube(0.1,0.1,0.1);
translate([-186.051046745,80.3355319759,-686.624605678])cube(0.1,0.1,0.1);
translate([-133.693586698,208.634204276,-547.399049881])cube(0.1,0.1,0.1);
translate([-140.309278351,203.298969072,-545.051546392])cube(0.1,0.1,0.1);
translate([-63.3832680341,198.285319198,-695.274256741])cube(0.1,0.1,0.1);
translate([-68.4248642124,222.450211225,-641.729028365])cube(0.1,0.1,0.1);
translate([-228.174136664,75.4320352682,-618.388684791])cube(0.1,0.1,0.1);
translate([-229.050470488,98.7425149701,-574.046193328])cube(0.1,0.1,0.1);
translate([-231.287111422,52.3181976947,-566.791128187])cube(0.1,0.1,0.1);
translate([-231.115273775,65.8933717579,-557.340057637])cube(0.1,0.1,0.1); }