hull(){ translate([-424.53361599,-370.297395518,-24.3058752271])cube(0.1,0.1,0.1);
translate([-386.11662531,-46.1166253102,-131.873449132])cube(0.1,0.1,0.1);
translate([-438.358208955,-98.3582089552,14.4029850746])cube(0.1,0.1,0.1);
translate([-444.315789474,-104.315789474,21.1052631579])cube(0.1,0.1,0.1);
translate([-376.386782232,-134.414951246,-159.117009751])cube(0.1,0.1,0.1);
translate([-388.146853147,-299.055944056,-126.188811189])cube(0.1,0.1,0.1);
translate([-428.333333333,-88.3333333333,-168.333333333])cube(0.1,0.1,0.1);
translate([-448.043478261,-246.086956522,41.5217391304])cube(0.1,0.1,0.1);
translate([-448.434247871,-243.453169347,42.6158940397])cube(0.1,0.1,0.1);
translate([-483.575665277,-172.487976916,68.8866623918])cube(0.1,0.1,0.1);
translate([-514.62962963,-174.62962963,63.9049919485])cube(0.1,0.1,0.1);
translate([-617.296954315,-277.296954315,5.87563451777])cube(0.1,0.1,0.1);
translate([-613.353658537,-273.353658537,-25.6707317073])cube(0.1,0.1,0.1);
translate([-558.970588235,-218.970588235,-142.205882353])cube(0.1,0.1,0.1);
translate([-424.979423868,-324.75308642,-121.049382716])cube(0.1,0.1,0.1);
translate([-611.575704225,-294.00528169,-0.642605633803])cube(0.1,0.1,0.1);
translate([-446.461997019,-381.764530551,-29.3353204173])cube(0.1,0.1,0.1);
translate([-503.127629734,-356.255259467,-13.5624123422])cube(0.1,0.1,0.1); }