hull(){ translate([-445.480806514,351.006203955,455.252035673])cube(0.1,0.1,0.1);
translate([-139.323432343,175.495049505,300.214521452])cube(0.1,0.1,0.1);
translate([-261.244503078,236.455584872,531.864555849])cube(0.1,0.1,0.1);
translate([-448.354682409,456.424354655,248.204867589])cube(0.1,0.1,0.1);
translate([-357.044110596,465.955729583,172.621064408])cube(0.1,0.1,0.1);
translate([-264.071114401,167.085093411,155.002612899])cube(0.1,0.1,0.1);
translate([-223.955568379,193.366993653,119.177726486])cube(0.1,0.1,0.1);
translate([-225.336985162,192.937872694,118.745666343])cube(0.1,0.1,0.1);
translate([-449.659140632,466.803914705,266.635599895])cube(0.1,0.1,0.1);
translate([-450.905399181,425.677382598,437.373021068])cube(0.1,0.1,0.1);
translate([-321.589494648,489.490913617,175.999502116])cube(0.1,0.1,0.1);
translate([-102.664233577,278.649635036,563.04136253])cube(0.1,0.1,0.1);
translate([-94.9598393574,266.938955823,556.800803213])cube(0.1,0.1,0.1);
translate([-103.268261965,266.327455919,558.289672544])cube(0.1,0.1,0.1);
translate([-200.452755906,429.271653543,572.614173228])cube(0.1,0.1,0.1);
translate([-181.213328152,377.835632407,593.345638236])cube(0.1,0.1,0.1);
translate([-175.291177749,443.900478053,557.868318123])cube(0.1,0.1,0.1);
translate([-152.936624908,365.65954311,591.400147384])cube(0.1,0.1,0.1);
translate([-103.767772512,185.341232227,315.530805687])cube(0.1,0.1,0.1);
translate([-157.438245315,195.017035775,206.526831346])cube(0.1,0.1,0.1);
translate([-46.544499596,241.569317788,461.325753203])cube(0.1,0.1,0.1);
translate([-373.779176687,198.624275004,237.54774367])cube(0.1,0.1,0.1);
translate([-281.94576768,239.362403811,531.000366435])cube(0.1,0.1,0.1);
translate([-443.550724638,336.15942029,426.449275362])cube(0.1,0.1,0.1);
translate([-433.918687589,265.196861626,273.319543509])cube(0.1,0.1,0.1);
translate([-353.936170213,295.425531915,516.063829787])cube(0.1,0.1,0.1);
translate([-316.774193548,273.387096774,540.64516129])cube(0.1,0.1,0.1);
translate([-354.582614597,553.757175579,315.031954303])cube(0.1,0.1,0.1);
translate([-257.620299232,501.287909422,527.177112818])cube(0.1,0.1,0.1);
translate([-343.084839765,528.220012531,475.395655907])cube(0.1,0.1,0.1);
translate([-91.2617647059,371.866176471,424.832352941])cube(0.1,0.1,0.1);
translate([-181.276595745,428.563829787,260.0])cube(0.1,0.1,0.1);
translate([-177.623250152,457.519780889,548.003651856])cube(0.1,0.1,0.1);
translate([-223.240534521,493.311804009,528.002227171])cube(0.1,0.1,0.1);
translate([-318.052631579,542.543859649,260.0])cube(0.1,0.1,0.1);
translate([-326.036678,551.777110613,283.218910511])cube(0.1,0.1,0.1);
translate([-274.795102175,382.349476798,122.267298526])cube(0.1,0.1,0.1);
translate([-262.646404744,411.139733136,132.151593773])cube(0.1,0.1,0.1);
translate([-227.818679007,390.595288178,144.869583509])cube(0.1,0.1,0.1);
translate([-225.731346959,202.22728392,117.277764098])cube(0.1,0.1,0.1);
translate([-205.541317992,264.612970711,135.907426778])cube(0.1,0.1,0.1);
translate([-224.284253579,201.748466258,117.862985685])cube(0.1,0.1,0.1); }