hull(){ translate([-448.354682409,456.424354655,248.204867589])cube(0.1,0.1,0.1);
translate([-357.044110596,465.955729583,172.621064408])cube(0.1,0.1,0.1);
translate([-264.071114401,167.085093411,155.002612899])cube(0.1,0.1,0.1);
translate([-225.336985162,192.937872694,118.745666343])cube(0.1,0.1,0.1);
translate([-691.953312051,356.594173982,-108.705107741])cube(0.1,0.1,0.1);
translate([-403.960802723,132.423424481,207.117709189])cube(0.1,0.1,0.1);
translate([-373.779176687,198.624275004,237.54774367])cube(0.1,0.1,0.1);
translate([-439.826969601,141.703481645,213.674660776])cube(0.1,0.1,0.1);
translate([-433.918687589,265.196861626,273.319543509])cube(0.1,0.1,0.1);
translate([-497.143374366,182.813178856,236.917451122])cube(0.1,0.1,0.1);
translate([-668.822772972,417.822071545,-58.3621697451])cube(0.1,0.1,0.1);
translate([-275.77445955,150.623467796,149.738132382])cube(0.1,0.1,0.1);
translate([-368.035733448,118.019100762,177.194441464])cube(0.1,0.1,0.1);
translate([-250.418994413,135.491980537,65.9015137863])cube(0.1,0.1,0.1);
translate([-337.635290772,65.7200341248,-31.4865633442])cube(0.1,0.1,0.1);
translate([-300.053098351,85.169641842,-23.1375781694])cube(0.1,0.1,0.1);
translate([-252.355484752,133.293126991,61.6818388712])cube(0.1,0.1,0.1);
translate([-556.666666667,144.583333333,110.0])cube(0.1,0.1,0.1);
translate([-382.103797097,67.229878317,-69.0529247911])cube(0.1,0.1,0.1);
translate([-614.540276648,119.263628967,-63.620829943])cube(0.1,0.1,0.1);
translate([-327.024160157,106.020190379,-68.4293763606])cube(0.1,0.1,0.1);
translate([-387.763716397,294.913535608,-162.54231515])cube(0.1,0.1,0.1);
translate([-396.445038044,80.4022988506,-95.4905293832])cube(0.1,0.1,0.1);
translate([-450.999056937,456.782388306,246.378050218])cube(0.1,0.1,0.1);
translate([-506.781652767,184.06747536,230.263078089])cube(0.1,0.1,0.1);
translate([-713.52763211,299.48567971,-54.6988032809])cube(0.1,0.1,0.1);
translate([-720.932492329,214.441982043,-47.0695533583])cube(0.1,0.1,0.1);
translate([-659.27402863,443.098159509,-14.7000681663])cube(0.1,0.1,0.1);
translate([-658.169243287,159.65012205,43.3889340928])cube(0.1,0.1,0.1);
translate([-706.61029019,159.457895674,-17.9312800427])cube(0.1,0.1,0.1);
translate([-278.980034285,330.580316628,26.7888474337])cube(0.1,0.1,0.1);
translate([-274.795102175,382.349476798,122.267298526])cube(0.1,0.1,0.1);
translate([-225.731346959,202.22728392,117.277764098])cube(0.1,0.1,0.1);
translate([-233.545054945,217.386813187,98.7494505495])cube(0.1,0.1,0.1);
translate([-423.866945438,306.244395184,-184.833744773])cube(0.1,0.1,0.1);
translate([-503.718807727,132.250070447,-167.785309496])cube(0.1,0.1,0.1);
translate([-690.132214267,355.135165817,-114.310397021])cube(0.1,0.1,0.1);
translate([-720.796086509,197.823206317,-50.2409886715])cube(0.1,0.1,0.1);
translate([-696.532835746,236.616991434,-115.217151731])cube(0.1,0.1,0.1);
translate([-714.133908705,156.263906682,-40.1117591531])cube(0.1,0.1,0.1);
translate([-691.258345697,140.773367953,-73.4794603116])cube(0.1,0.1,0.1);
translate([-497.420852891,489.110656147,49.3693198842])cube(0.1,0.1,0.1);
translate([-512.119784657,379.140870345,-160.226558995])cube(0.1,0.1,0.1);
translate([-642.221450885,425.099791739,-96.6747657064])cube(0.1,0.1,0.1);
translate([-639.392901514,409.056613277,-126.374534099])cube(0.1,0.1,0.1);
translate([-609.335338244,493.784888829,38.4182604582])cube(0.1,0.1,0.1);
translate([-625.20531786,485.47631193,19.9780016578])cube(0.1,0.1,0.1);
translate([-664.345533915,153.838817999,-125.413364674])cube(0.1,0.1,0.1);
translate([-672.552553587,151.174098835,-113.122544627])cube(0.1,0.1,0.1);
translate([-668.756513901,158.858764542,-124.153544971])cube(0.1,0.1,0.1); }