hull(){ translate([-403.960802723,132.423424481,207.117709189])cube(0.1,0.1,0.1);
translate([-439.826969601,141.703481645,213.674660776])cube(0.1,0.1,0.1);
translate([-368.035733448,118.019100762,177.194441464])cube(0.1,0.1,0.1);
translate([-337.635290772,65.7200341248,-31.4865633442])cube(0.1,0.1,0.1);
translate([-341.800290324,47.3460443303,-33.5433532466])cube(0.1,0.1,0.1);
translate([-345.58210252,37.5282363162,-27.1720243267])cube(0.1,0.1,0.1);
translate([-435.063114634,-17.8856597681,297.637604579])cube(0.1,0.1,0.1);
translate([-434.227208976,-153.023842917,169.661991585])cube(0.1,0.1,0.1);
translate([-429.954742599,-15.7420328116,294.84725627])cube(0.1,0.1,0.1);
translate([-425.03358209,-15.9552238806,290.014925373])cube(0.1,0.1,0.1);
translate([-499.37037037,-98.9259259259,281.888888889])cube(0.1,0.1,0.1);
translate([-556.666666667,144.583333333,110.0])cube(0.1,0.1,0.1);
translate([-371.293066388,40.9000184241,-57.8704784131])cube(0.1,0.1,0.1);
translate([-382.103797097,67.229878317,-69.0529247911])cube(0.1,0.1,0.1);
translate([-433.628922237,-87.1623465211,11.5075034106])cube(0.1,0.1,0.1);
translate([-444.315789474,-104.315789474,21.1052631579])cube(0.1,0.1,0.1);
translate([-614.540276648,119.263628967,-63.620829943])cube(0.1,0.1,0.1);
translate([-483.575665277,-172.487976916,68.8866623918])cube(0.1,0.1,0.1);
translate([-448.819829674,-170.091022736,167.332994765])cube(0.1,0.1,0.1);
translate([-514.62962963,-174.62962963,63.9049919485])cube(0.1,0.1,0.1);
translate([-517.496075353,-174.827315542,227.51177394])cube(0.1,0.1,0.1);
translate([-569.066350711,-178.383886256,72.8009478673])cube(0.1,0.1,0.1); }