hull(){ translate([421.56665984,198.807085808,-113.446651649])cube(0.1,0.1,0.1);
translate([489.245786664,164.733068146,-109.695383649])cube(0.1,0.1,0.1);
translate([205.593054164,353.429561201,-261.238180313])cube(0.1,0.1,0.1);
translate([263.690444361,219.021710069,-160.951018662])cube(0.1,0.1,0.1);
translate([415.404342943,457.912766754,-283.768251591])cube(0.1,0.1,0.1);
translate([485.652191928,436.350791415,-254.434822242])cube(0.1,0.1,0.1);
translate([611.530622033,406.369238885,-265.347225553])cube(0.1,0.1,0.1);
translate([517.356728912,185.035415325,-503.132109895])cube(0.1,0.1,0.1);
translate([277.426407545,170.533009431,-187.372106316])cube(0.1,0.1,0.1);
translate([382.858267717,87.8976377953,-379.236220472])cube(0.1,0.1,0.1);
translate([405.537897311,104.27737028,-181.419451236])cube(0.1,0.1,0.1);
translate([415.439971917,458.06576176,-284.955534753])cube(0.1,0.1,0.1);
translate([608.583511345,408.322556434,-274.268517984])cube(0.1,0.1,0.1);
translate([518.714985621,197.735115561,-501.287144531])cube(0.1,0.1,0.1);
translate([400.068965517,100.327586207,-471.982758621])cube(0.1,0.1,0.1);
translate([429.710562637,121.735406349,-496.152878136])cube(0.1,0.1,0.1);
translate([205.433995073,353.48934937,-262.437327923])cube(0.1,0.1,0.1);
translate([325.155113552,153.809559151,-469.896096185])cube(0.1,0.1,0.1);
translate([254.403600603,392.489095091,-395.564279483])cube(0.1,0.1,0.1);
translate([273.530092593,354.236111111,-426.166666667])cube(0.1,0.1,0.1);
translate([266.022850925,156.278563656,-328.966267682])cube(0.1,0.1,0.1);
translate([320.523535062,111.597822606,-441.895613192])cube(0.1,0.1,0.1);
translate([322.01754386,111.929824561,-445.614035088])cube(0.1,0.1,0.1);
translate([626.524723247,263.87896679,-197.866051661])cube(0.1,0.1,0.1);
translate([627.253551597,272.977933223,-197.256796712])cube(0.1,0.1,0.1);
translate([607.249700838,249.958117272,-180.638213004])cube(0.1,0.1,0.1); }