hull(){ translate([-238.959923664,-421.622137405,326.469465649])cube(0.1,0.1,0.1);
translate([-176.726069246,-276.191446029,319.918533605])cube(0.1,0.1,0.1);
translate([-352.3,-303.2,500.0])cube(0.1,0.1,0.1);
translate([-100.674157303,-135.449438202,500.0])cube(0.1,0.1,0.1);
translate([-33.6679292929,-246.275252525,399.981060606])cube(0.1,0.1,0.1);
translate([-116.639848557,-225.307619498,341.571225745])cube(0.1,0.1,0.1);
translate([-90.2360876897,-180.101180438,396.779089376])cube(0.1,0.1,0.1);
translate([-350.143171806,-319.735682819,464.052863436])cube(0.1,0.1,0.1);
translate([-320.248901903,-362.642752562,391.603221083])cube(0.1,0.1,0.1);
translate([-300.186308492,-324.731369151,387.452339688])cube(0.1,0.1,0.1);
translate([37.2773179969,-446.303128068,506.830551269])cube(0.1,0.1,0.1);
translate([47.1766429468,-433.304730013,508.955629971])cube(0.1,0.1,0.1);
translate([36.1285118968,-442.299368195,514.997311467])cube(0.1,0.1,0.1);
translate([-15.5022962113,-397.482778416,573.180252583])cube(0.1,0.1,0.1);
translate([-124.690860215,-323.89173998,647.798142717])cube(0.1,0.1,0.1);
translate([-91.9599528857,-142.383981154,510.92343934])cube(0.1,0.1,0.1);
translate([39.8485770811,-312.727895298,466.695327956])cube(0.1,0.1,0.1);
translate([55.1134388437,-415.765712195,508.435184338])cube(0.1,0.1,0.1); }