hull(){ translate([373.438061041,-152.931465147,-224.836858949])cube(0.1,0.1,0.1);
translate([373.581484315,-152.083397093,-226.548584545])cube(0.1,0.1,0.1);
translate([423.645784268,-132.797927461,-298.235986811])cube(0.1,0.1,0.1);
translate([415.154264973,-14.4827586207,-276.724137931])cube(0.1,0.1,0.1);
translate([641.651193634,-14.4827586207,-276.724137931])cube(0.1,0.1,0.1);
translate([695.152489436,-224.090575051,-314.834650009])cube(0.1,0.1,0.1);
translate([483.933415536,95.5117139334,-111.7324291])cube(0.1,0.1,0.1);
translate([631.107021518,54.0543601359,-173.918459796])cube(0.1,0.1,0.1);
translate([475.471918877,67.6014040562,-102.386895476])cube(0.1,0.1,0.1);
translate([681.835809377,-131.187536176,-162.790854717])cube(0.1,0.1,0.1);
translate([369.242311967,-137.09707299,-205.244535013])cube(0.1,0.1,0.1);
translate([424.956076135,12.8623718887,-127.401171303])cube(0.1,0.1,0.1);
translate([687.888798948,-155.68602651,-169.846706466])cube(0.1,0.1,0.1);
translate([660.976138829,-144.880694143,-150.249457701])cube(0.1,0.1,0.1);
translate([626.613088404,-135.958668197,-135.585533869])cube(0.1,0.1,0.1);
translate([394.423076923,-162.58361204,-221.18729097])cube(0.1,0.1,0.1);
translate([407.165898618,-148.732718894,-190.161290323])cube(0.1,0.1,0.1);
translate([443.618556701,-141.103092784,-169.391752577])cube(0.1,0.1,0.1);
translate([695.209617756,-224.235511714,-314.599260173])cube(0.1,0.1,0.1);
translate([408.873015873,-8.03174603175,-267.047619048])cube(0.1,0.1,0.1);
translate([412.787682334,54.602917342,-173.095623987])cube(0.1,0.1,0.1);
translate([365.391469471,-92.2772421852,-209.978089395])cube(0.1,0.1,0.1);
translate([362.801621364,-89.5350500715,-192.610872675])cube(0.1,0.1,0.1);
translate([382.476091476,-18.4386694387,-159.074844075])cube(0.1,0.1,0.1); }