hull(){ translate([-315.03407155,-251.831345826,-200.724020443])cube(0.1,0.1,0.1);
translate([-376.386782232,-134.414951246,-159.117009751])cube(0.1,0.1,0.1);
translate([-388.146853147,-299.055944056,-126.188811189])cube(0.1,0.1,0.1);
translate([-428.333333333,-88.3333333333,-168.333333333])cube(0.1,0.1,0.1);
translate([-346.423740277,-276.910720325,-250.397362191])cube(0.1,0.1,0.1);
translate([-503.186528497,-83.5699481865,-232.979274611])cube(0.1,0.1,0.1);
translate([-608.594470046,-179.608294931,-221.267281106])cube(0.1,0.1,0.1);
translate([-452.782305006,-351.292200233,-238.579743888])cube(0.1,0.1,0.1);
translate([-617.56568779,-202.202472952,-220.270479134])cube(0.1,0.1,0.1);
translate([-619.562682216,-197.157434402,-212.49271137])cube(0.1,0.1,0.1);
translate([-558.970588235,-218.970588235,-142.205882353])cube(0.1,0.1,0.1);
translate([-424.979423868,-324.75308642,-121.049382716])cube(0.1,0.1,0.1); }