hull(){ translate([-351.909753874,-684.252506837,191.526891522])cube(0.1,0.1,0.1);
translate([-153.620885358,-568.19523269,279.460839955])cube(0.1,0.1,0.1);
translate([-266.070202352,-581.275111403,286.236028928])cube(0.1,0.1,0.1);
translate([-146.393154892,-525.326897762,-136.684949539])cube(0.1,0.1,0.1);
translate([-477.59350596,-489.660912454,-16.4344430744])cube(0.1,0.1,0.1);
translate([-382.908745247,-388.089987326,-6.1051964512])cube(0.1,0.1,0.1);
translate([-159.445678033,-351.567803331,125.169706582])cube(0.1,0.1,0.1);
translate([-246.861713398,-460.574546225,293.155943216])cube(0.1,0.1,0.1);
translate([-308.408831095,-465.29365533,297.030580166])cube(0.1,0.1,0.1);
translate([-249.260089686,-348.452914798,25.4932735426])cube(0.1,0.1,0.1);
translate([-339.391576917,-360.082784118,43.99533837])cube(0.1,0.1,0.1);
translate([-271.717484516,-351.350643163,118.220581229])cube(0.1,0.1,0.1);
translate([-306.367603235,-355.821626224,123.283312048])cube(0.1,0.1,0.1);
translate([-94.8123543404,-537.520122054,-115.991086231])cube(0.1,0.1,0.1);
translate([-65.3105427975,-643.397703549,-30.7750521921])cube(0.1,0.1,0.1);
translate([-86.5768725361,-531.949060833,-107.424570354])cube(0.1,0.1,0.1);
translate([-71.6808589411,-569.502036283,-71.2902628656])cube(0.1,0.1,0.1);
translate([-54.1479546842,-602.995387016,-19.2419103182])cube(0.1,0.1,0.1);
translate([-37.2576081831,-523.610758461,130.143820958])cube(0.1,0.1,0.1);
translate([-56.0706771067,-612.032182401,214.311855403])cube(0.1,0.1,0.1);
translate([-64.1034141922,-649.786046703,-25.7627362959])cube(0.1,0.1,0.1);
translate([-66.9077901431,-662.966613672,-16.6168521463])cube(0.1,0.1,0.1);
translate([-64.4675456389,-651.497464503,173.478194726])cube(0.1,0.1,0.1);
translate([-457.555115185,-542.957641813,167.390388903])cube(0.1,0.1,0.1);
translate([-134.472600175,-350.768942704,99.606166521])cube(0.1,0.1,0.1);
translate([-78.49959996,-380.059255926,65.2825282528])cube(0.1,0.1,0.1);
translate([-92.3846787479,-405.885502471,-22.471169687])cube(0.1,0.1,0.1);
translate([-233.150147203,-348.199214917,17.3748773307])cube(0.1,0.1,0.1);
translate([-192.031739812,-390.439524556,-68.1256530825])cube(0.1,0.1,0.1);
translate([-228.587672053,-372.532415719,-49.2649112308])cube(0.1,0.1,0.1);
translate([-355.603773585,-684.849056604,188.773584906])cube(0.1,0.1,0.1);
translate([-457.901998097,-563.820171265,159.957183635])cube(0.1,0.1,0.1);
translate([-317.421307506,-694.394673123,-49.8668280872])cube(0.1,0.1,0.1);
translate([-485.093457944,-512.593457944,18.9018691589])cube(0.1,0.1,0.1);
translate([-472.628826036,-541.807438977,123.682681131])cube(0.1,0.1,0.1);
translate([-366.139317014,-630.358114234,-108.378664249])cube(0.1,0.1,0.1);
translate([-472.837699024,-519.622496148,-29.9409347714])cube(0.1,0.1,0.1);
translate([-394.212749616,-496.716589862,227.019969278])cube(0.1,0.1,0.1);
translate([-324.143637174,-460.158792066,287.949632271])cube(0.1,0.1,0.1);
translate([-333.810586735,-442.541454082,259.400510204])cube(0.1,0.1,0.1); }