hull(){ translate([-477.59350596,-489.660912454,-16.4344430744])cube(0.1,0.1,0.1);
translate([-382.908745247,-388.089987326,-6.1051964512])cube(0.1,0.1,0.1);
translate([-339.391576917,-360.082784118,43.99533837])cube(0.1,0.1,0.1);
translate([-306.367603235,-355.821626224,123.283312048])cube(0.1,0.1,0.1);
translate([-424.53361599,-370.297395518,-24.3058752271])cube(0.1,0.1,0.1);
translate([-457.555115185,-542.957641813,167.390388903])cube(0.1,0.1,0.1);
translate([-415.16163222,-212.835188129,176.126126126])cube(0.1,0.1,0.1);
translate([-447.466019417,-244.932038835,42.7087378641])cube(0.1,0.1,0.1);
translate([-448.043478261,-246.086956522,41.5217391304])cube(0.1,0.1,0.1);
translate([-426.191889219,-202.383778437,173.392680514])cube(0.1,0.1,0.1);
translate([-562.197566213,-474.395132427,75.9914101646])cube(0.1,0.1,0.1);
translate([-485.093457944,-512.593457944,18.9018691589])cube(0.1,0.1,0.1);
translate([-513.844778928,-521.105362183,65.6227657573])cube(0.1,0.1,0.1);
translate([-472.628826036,-541.807438977,123.682681131])cube(0.1,0.1,0.1);
translate([-407.682186235,-289.873481781,239.701417004])cube(0.1,0.1,0.1);
translate([-394.212749616,-496.716589862,227.019969278])cube(0.1,0.1,0.1);
translate([-333.810586735,-442.541454082,259.400510204])cube(0.1,0.1,0.1);
translate([-448.220035778,-246.440071556,225.223613596])cube(0.1,0.1,0.1);
translate([-471.076923077,-524.387692308,189.566153846])cube(0.1,0.1,0.1);
translate([-554.149443561,-458.298887122,157.813990461])cube(0.1,0.1,0.1);
translate([-491.78028965,-463.811374073,-26.9657364889])cube(0.1,0.1,0.1);
translate([-446.461997019,-381.764530551,-29.3353204173])cube(0.1,0.1,0.1);
translate([-537.145260796,-424.290521593,-12.4284913068])cube(0.1,0.1,0.1);
translate([-503.127629734,-356.255259467,-13.5624123422])cube(0.1,0.1,0.1); }