hull(){ translate([-252.679558011,488.687845304,-262.334254144])cube(0.1,0.1,0.1);
translate([-357.044110596,465.955729583,172.621064408])cube(0.1,0.1,0.1);
translate([-237.080659945,540.979605866,-219.969065078])cube(0.1,0.1,0.1);
translate([-321.589494648,489.490913617,175.999502116])cube(0.1,0.1,0.1);
translate([-286.453042441,553.013465144,141.382307823])cube(0.1,0.1,0.1);
translate([-298.759142711,464.020241538,-294.765266202])cube(0.1,0.1,0.1);
translate([-257.366803279,435.788934426,-262.669057377])cube(0.1,0.1,0.1);
translate([-287.130817149,416.718578234,-283.432576035])cube(0.1,0.1,0.1);
translate([-387.763716397,294.913535608,-162.54231515])cube(0.1,0.1,0.1);
translate([-306.55671655,397.147347915,-273.235189941])cube(0.1,0.1,0.1);
translate([-278.980034285,330.580316628,26.7888474337])cube(0.1,0.1,0.1);
translate([-274.795102175,382.349476798,122.267298526])cube(0.1,0.1,0.1);
translate([-262.646404744,411.139733136,132.151593773])cube(0.1,0.1,0.1);
translate([-210.458996328,420.152998776,-77.6438188494])cube(0.1,0.1,0.1);
translate([-191.478567553,481.839392295,-25.4476397179])cube(0.1,0.1,0.1);
translate([-211.820526044,490.469314079,83.0428055699])cube(0.1,0.1,0.1);
translate([-423.866945438,306.244395184,-184.833744773])cube(0.1,0.1,0.1);
translate([-387.833295221,359.241939172,-243.563914933])cube(0.1,0.1,0.1);
translate([-497.420852891,489.110656147,49.3693198842])cube(0.1,0.1,0.1);
translate([-512.119784657,379.140870345,-160.226558995])cube(0.1,0.1,0.1);
translate([-286.499522445,584.522445081,-204.751671442])cube(0.1,0.1,0.1);
translate([-343.255976817,488.20019319,-291.796425984])cube(0.1,0.1,0.1);
translate([-423.52006689,424.74916388,-254.807692308])cube(0.1,0.1,0.1);
translate([-352.675647121,623.626518753,26.8647649234])cube(0.1,0.1,0.1); }